1596603899138
1596645853138
1596647299288
1596964462019
1596647315852
1604766275132
1607644188261
1612169077839
1597990866262
1597990617633
1607628935280
1596783903738
1596693792876
1555889822171
1608658090055
1612169078403
1612169004251
1604412259720
1596935944620
1606255859950
1604643511542
1602856168385
1612824190819
1607280326012
1612168903723
1612168863131
1612168878180
1606397059782
1600318224624
1604854775859
1605663078599
1597532106128
1597990609395
1612168465326
1612168698067
1612169009035
1612169070443
1612168681868
1612168551384
1612169133177
1612169137032
1612168487390
1612169025326
1612169029943
1597990684029
1597990867909
1612168903207
1612168877647
1596645564719
1596645552231
1596645884674
1596647325599
1596647338617
1596645868134
1612169128054
1596784009137
1609884857080
1596785087229
1596787346420
1607330733588
1602633442752
1596655455637
1596603459004
1596654673440
1607932011739
1596863537318
1596645969862
1597361930691
1596603885848
1603745520392
1596647183807
1596645833367
1596645819940
1596647277337
1596647194836
1596645808043
1596645772432
1596645753489
1596645796875
1596647288815
1596693809236
1597935925344
1607362823252
1596787334739
1596787325147
1596862902574
1596862923175
1612201721625
1605663250229
1602019629128
1602187319944
1599467574642
1599389956657
1596785259557
1608243525329
1599579856481
1611724329031
1613263977742
1605663091506
1597839465161