1600616124285
1596704640883
1598982202982
1596926635538
1596574043440
1596574028600
1602529682424
1599875545667
1604176810056
1596580141305
1596598501058
1596598491662
1596702287379
1596936786768
1611851430829
1609846398735
1609975155307
1608697072255
1596580290938
1607365846570
1605466273612
1609977226970
1596788551612
1596787894780
1596704630779
1605208254310
1612832792666
1608242633553
1612302105475
1601475207166
1601123287675
1597124236897
1605570393129
1596933305641
1596932677088
1596577057540
1605168846748
1606526184411
1613602931832
1613600028056
1609194898706
1610599847779
1609842439193
1611513106912
1609975155123
1609846398554
1596864758384
1603684152700
1603234332894
1596743704232
1596841500162
1596785571173
1603726241929
1596579244592
1600375963517
1606941001571
1610250211424
1597365184752
1607932015526
1611008325862
1611173156783
1599227933400
1599319418347
1598540210792
1596580127900
1596950962686
1596702234389
1596598477336
1592621118880
1612894804139
1596960091876
1598632540206
1604745911183
1609184609398
1608033441800
1596704621558
1598640206042
1607366353352
1597990792919
1604775819213
1612169167361
1597990916381
1612168516401
1612168673422
1612168707567
1600979528882
1613625949676
1609290794967
1612169096606
1596574010688
1607932044709
1607932046956
1563806206697
1612451091628
1600906034061
1604982471482
1611949844267
1599162022925
1605373432843
1596926620187